000 000 000 000 000 000 000 000 000 000 000 000 000 000 000 000 000 000 000 000 000 000 000 000 000 000 000 000
000 000 000 000 000 000 000 000 000 000 000 000 000 000 000 000 000 000 000 000 000 000 000 000 000 000 000 000
000 000 000 000 000 000 000 000 000 000 000 000 000 000 000 000 000 000 000 000 000 000 000 000 000 000 000 000
000 000 000 000 000 000 000 000 000 000 000 000 000 000 000 000 000 000 000 000 000 000 000 000 000 000 000 000
000 000 000 000 000 000 000 000 000 000 000 000 000 000 000 000 000 000 000 000 000 000 000 000 000 000 000 000
000 000 000 000 000 000 000 000 000 000 038 095 140 179 156 092 005 000 000 000 000 000 000 000 000 000 000 000
000 000 000 000 000 000 000 000 039 169 252 255 255 247 255 255 190 038 000 000 000 000 000 000 000 000 000 000
000 000 000 000 000 000 000 073 236 255 194 099 057 025 046 152 255 218 024 000 000 000 000 000 000 000 000 000
000 000 000 000 000 000 052 240 238 090 001 000 000 000 000 000 119 255 144 000 000 000 000 000 000 000 000 000
000 000 000 000 000 003 200 254 068 000 000 000 000 000 000 000 003 200 244 033 000 000 000 000 000 000 000 000
000 000 000 000 000 011 213 158 000 000 000 000 000 000 000 000 000 097 255 120 000 000 000 000 000 000 000 000
000 000 000 000 000 000 019 008 000 000 000 000 000 000 000 000 000 040 255 155 000 000 000 000 000 000 000 000
000 000 000 000 000 000 000 000 000 000 000 000 000 000 000 000 000 053 255 153 000 000 000 000 000 000 000 000
000 000 000 000 000 000 000 000 000 000 000 000 000 000 000 000 004 176 255 069 000 000 000 000 000 000 000 000
000 000 000 000 000 000 000 000 000 000 000 000 000 000 000 000 111 255 179 003 000 000 000 000 000 000 000 000
000 000 000 000 000 000 000 000 000 000 000 000 000 000 000 026 237 229 022 000 000 000 000 000 000 000 000 000
000 000 000 000 000 000 000 000 000 000 000 000 000 000 000 111 255 108 000 000 000 000 000 000 000 000 000 000
000 000 000 000 000 000 000 000 000 000 000 000 000 000 011 222 232 019 000 000 000 000 000 000 000 000 000 000
000 000 000 000 000 000 000 040 093 107 155 180 180 179 184 255 120 000 000 000 000 000 000 000 000 000 000 000
000 000 000 000 000 000 047 234 255 255 255 245 243 245 255 255 187 036 000 000 000 000 000 000 000 000 000 000
000 000 000 000 000 000 161 255 121 078 061 023 018 133 255 207 255 218 039 000 000 000 000 000 000 000 000 000
000 000 000 000 000 000 206 227 001 000 000 000 012 220 240 022 103 255 222 089 001 000 000 000 000 000 000 000
000 000 000 000 000 000 207 227 003 000 000 000 142 255 127 000 000 105 244 255 156 012 000 000 000 000 000 000
000 000 000 000 000 000 171 255 170 113 113 174 255 200 011 000 000 000 041 183 255 206 048 000 000 000 000 000
000 000 000 000 000 000 032 195 255 255 255 255 179 028 000 000 000 000 000 010 146 255 233 056 000 000 000 000
000 000 000 000 000 000 000 005 047 082 089 048 000 000 000 000 000 000 000 000 000 101 255 119 000 000 000 000
000 000 000 000 000 000 000 000 000 000 000 000 000 000 000 000 000 000 000 000 000 000 057 015 000 000 000 000
000 000 000 000 000 000 000 000 000 000 000 000 000 000 000 000 000 000 000 000 000 000 000 000 000 000 000 000